0 0.927858 0.376058 0.048631 0.125265 0.000000 0.000000 0 0.000000 0.000000 0 0.932174 0.333426 2 0.923543 0.418691 2
0 0.791406 0.438427 0.081146 0.150184 0.770833 0.491667 2 0.811979 0.493519 2 0.787841 0.383335 2 0.784478 0.483595 2
0 0.741927 0.329047 0.069688 0.128203 0.727083 0.373148 2 0.756771 0.372222 2 0.744838 0.284945 2 0.739062 0.363889 2
0 0.938933 0.403068 0.056408 0.146826 0.930729 0.438889 2 0.939063 0.456481 2 0.947137 0.349655 2 0.933854 0.437963 2
0 0.345052 0.493518 0.090520 0.160371 0.319792 0.553704 2 0.370312 0.553704 2 0.337500 0.433333 2 0.334880 0.539229 2
0 0.657813 0.405556 0.069167 0.140000 0.643229 0.439815 2 0.655729 0.455556 2 0.672396 0.355556 2 0.648438 0.435185 2
2 0.238021 0.157407 0.040000 0.040000 0.000000 0.000000 0 0.000000 0.000000 0 0.238021 0.157407 2 0.238021 0.157407 2
3 0.282292 0.179630 0.040000 0.040000 0.000000 0.000000 0 0.000000 0.000000 0 0.282292 0.179630 2 0.282292 0.179630 2
4 0.110417 0.401852 0.040000 0.040000 0.000000 0.000000 0 0.000000 0.000000 0 0.110417 0.401852 2 0.110417 0.401852 2
4 0.014948 0.269444 0.029896 0.040000 0.000000 0.000000 0 0.000000 0.000000 0 0.009896 0.269444 2 0.009896 0.269444 2
