0 0.306250 0.335337 0.074376 0.132288 0.323438 0.380556 2 0.289062 0.381481 2 0.306606 0.289193 2 0.311819 0.373676 2
0 0.114323 0.380864 0.074896 0.141235 0.131771 0.430556 2 0.096875 0.431481 2 0.111499 0.330246 2 0.118623 0.422473 2
0 0.069011 0.376559 0.065521 0.144291 0.081771 0.414815 2 0.056250 0.428704 2 0.068032 0.324413 2 0.072236 0.410607 2
0 0.336198 0.378841 0.050938 0.143431 0.341667 0.415741 2 0.330729 0.430556 2 0.332198 0.327125 2 0.337075 0.408478 2
0 0.262500 0.444908 0.082708 0.150185 0.283854 0.499074 2 0.241146 0.500000 2 0.265625 0.389815 2 0.268867 0.490040 2
0 0.664323 0.500926 0.088438 0.130740 0.684896 0.527778 2 0.688542 0.546296 2 0.640104 0.455556 2 0.682812 0.528704 2
2 0.724479 0.159259 0.040000 0.040000 0.000000 0.000000 0 0.000000 0.000000 0 0.724479 0.159259 2 0.724479 0.159259 2
3 0.678125 0.177778 0.040000 0.040000 0.000000 0.000000 0 0.000000 0.000000 0 0.678125 0.177778 2 0.678125 0.177778 2
4 0.842188 0.399074 0.040000 0.040000 0.000000 0.000000 0 0.000000 0.000000 0 0.842188 0.399074 2 0.842188 0.399074 2
4 0.946875 0.270370 0.040000 0.040000 0.000000 0.000000 0 0.000000 0.000000 0 0.946875 0.270370 2 0.946875 0.270370 2
