0 0.888562 0.518523 0.051417 0.225177 0.883854 0.583333 2 0.894271 0.611111 2 0.882854 0.425934 2 0.885938 0.576852 2
0 0.815104 0.499709 0.074375 0.203544 0.797917 0.581481 2 0.832292 0.578704 2 0.830447 0.417937 2 0.813542 0.563889 2
0 0.751563 0.454824 0.056667 0.191462 0.743229 0.530556 2 0.759896 0.525000 2 0.750177 0.379093 2 0.747700 0.510516 2
0 0.647917 0.444492 0.077500 0.180645 0.629167 0.514815 2 0.666667 0.510185 2 0.652532 0.374170 2 0.644726 0.496022 2
0 0.440885 0.618205 0.115521 0.262849 0.403125 0.729630 2 0.478646 0.724074 2 0.439813 0.506781 2 0.430131 0.703920 2
0 0.322656 0.527315 0.111354 0.218704 0.286979 0.616667 2 0.358333 0.614815 2 0.317708 0.437963 2 0.313830 0.601823 2
3 0.848437 0.629630 0.040000 0.040000 0.000000 0.000000 0 0.000000 0.000000 0 0.848437 0.629630 2 0.848437 0.629630 2
4 0.107292 0.355556 0.040000 0.040000 0.000000 0.000000 0 0.000000 0.000000 0 0.107292 0.355556 2 0.107292 0.355556 2
4 0.017813 0.294444 0.035625 0.040000 0.000000 0.000000 0 0.000000 0.000000 0 0.015625 0.294444 2 0.015625 0.294444 2
1 0.677083 0.482407 0.040000 0.040000 0.000000 0.000000 0 0.000000 0.000000 0 0.677083 0.482407 2 0.677083 0.482407 2
