0 0.743229 0.326476 0.069166 0.129641 0.728646 0.370370 2 0.757812 0.371296 2 0.745513 0.281655 2 0.741667 0.362037 2
0 0.797395 0.435734 0.079583 0.148162 0.777604 0.487963 2 0.817187 0.489815 2 0.796921 0.381653 2 0.791492 0.482138 2
0 0.348438 0.490870 0.091041 0.161963 0.322917 0.548148 2 0.373958 0.551852 2 0.339015 0.429889 2 0.337972 0.534580 2
0 0.951302 0.391410 0.051980 0.146067 0.945312 0.430556 2 0.957292 0.444444 2 0.957226 0.338377 2 0.950000 0.428704 2
0 0.663542 0.394338 0.051458 0.149472 0.657813 0.433333 2 0.669271 0.449074 2 0.662074 0.339602 2 0.660177 0.428630 2
0 0.931510 0.371297 0.046771 0.125185 0.000000 0.000000 0 0.000000 0.000000 0 0.934896 0.328704 2 0.928125 0.413889 2
2 0.249479 0.156481 0.040000 0.040000 0.000000 0.000000 0 0.000000 0.000000 0 0.249479 0.156481 2 0.249479 0.156481 2
3 0.295833 0.176852 0.040000 0.040000 0.000000 0.000000 0 0.000000 0.000000 0 0.295833 0.176852 2 0.295833 0.176852 2
4 0.134896 0.397222 0.040000 0.040000 0.000000 0.000000 0 0.000000 0.000000 0 0.134896 0.397222 2 0.134896 0.397222 2
4 0.027604 0.268519 0.040000 0.040000 0.000000 0.000000 0 0.000000 0.000000 0 0.027604 0.268519 2 0.027604 0.268519 2
