0 0.754687 0.351925 0.078541 0.139854 0.735417 0.399074 2 0.773958 0.401852 2 0.752589 0.301998 2 0.749302 0.390004 2
0 0.499219 0.424737 0.083229 0.157193 0.477604 0.481481 2 0.520833 0.483333 2 0.497262 0.366140 2 0.491789 0.471549 2
0 0.435677 0.343044 0.080104 0.135395 0.415625 0.389815 2 0.455729 0.390741 2 0.432132 0.295346 2 0.428265 0.381109 2
2 0.407292 0.154630 0.040000 0.040000 0.000000 0.000000 0 0.000000 0.000000 0 0.407292 0.154630 2 0.407292 0.154630 2
3 0.451562 0.175000 0.040000 0.040000 0.000000 0.000000 0 0.000000 0.000000 0 0.451562 0.175000 2 0.451562 0.175000 2
4 0.166667 0.258333 0.040000 0.040000 0.000000 0.000000 0 0.000000 0.000000 0 0.166667 0.258333 2 0.166667 0.258333 2
4 0.256771 0.391667 0.040000 0.040000 0.000000 0.000000 0 0.000000 0.000000 0 0.256771 0.391667 2 0.256771 0.391667 2
0 0.346724 0.480409 0.081365 0.147701 0.330208 0.518519 2 0.326042 0.534259 2 0.367407 0.426558 2 0.331358 0.510386 2
0 0.317709 0.408334 0.080625 0.110371 0.297396 0.443519 2 0.338021 0.441667 2 0.327604 0.373148 2 0.311979 0.436111 2
0 0.525781 0.348496 0.079062 0.104121 0.506250 0.380556 2 0.545312 0.380556 2 0.523760 0.316435 2 0.519477 0.374380 2
