0 0.944532 0.379767 0.065521 0.145280 0.931771 0.419444 2 0.957292 0.432407 2 0.947949 0.327127 2 0.940032 0.416274 2
0 0.765625 0.441662 0.081666 0.147415 0.744792 0.495370 2 0.786458 0.494444 2 0.763969 0.387955 2 0.759244 0.485070 2
0 0.905209 0.377316 0.073333 0.139073 0.888542 0.425926 2 0.921875 0.426852 2 0.907366 0.327779 2 0.900499 0.417969 2
0 0.666406 0.382157 0.050938 0.147909 0.660937 0.421296 2 0.671875 0.436111 2 0.671395 0.328202 2 0.665104 0.417593 2
0 0.716146 0.335649 0.069167 0.124259 0.701562 0.377778 2 0.730729 0.375926 2 0.722396 0.293519 2 0.714063 0.367593 2
0 0.312240 0.488889 0.067604 0.169630 0.298438 0.536111 2 0.326042 0.553704 2 0.313021 0.424074 2 0.307091 0.527878 2
2 0.267188 0.157407 0.040000 0.040000 0.000000 0.000000 0 0.000000 0.000000 0 0.267188 0.157407 2 0.267188 0.157407 2
3 0.313542 0.177778 0.040000 0.040000 0.000000 0.000000 0 0.000000 0.000000 0 0.313542 0.177778 2 0.313542 0.177778 2
4 0.148958 0.400000 0.040000 0.040000 0.000000 0.000000 0 0.000000 0.000000 0 0.148958 0.400000 2 0.148958 0.400000 2
4 0.044271 0.268519 0.040000 0.040000 0.000000 0.000000 0 0.000000 0.000000 0 0.044271 0.268519 2 0.044271 0.268519 2
