0 0.388542 0.421095 0.081667 0.147809 0.409375 0.470370 2 0.367708 0.475000 2 0.391097 0.367191 2 0.395306 0.464954 2
0 0.485370 0.337452 0.041137 0.124356 0.000000 0.000000 0 0.000000 0.000000 0 0.484801 0.295274 2 0.485938 0.379630 2
0 0.177344 0.348735 0.076979 0.136973 0.195833 0.394444 2 0.158854 0.397222 2 0.181866 0.300249 2 0.185367 0.386230 2
0 0.588542 0.483216 0.088958 0.160606 0.613021 0.542593 2 0.564063 0.543519 2 0.595998 0.422913 2 0.597330 0.531436 2
0 0.665431 0.418155 0.044555 0.153690 0.667708 0.456481 2 0.664062 0.475000 2 0.663153 0.361310 2 0.666338 0.454406 2
0 0.452083 0.364815 0.067083 0.110370 0.000000 0.000000 0 0.000000 0.000000 0 0.438542 0.329630 2 0.465625 0.400000 2
2 0.651042 0.165741 0.040000 0.040000 0.000000 0.000000 0 0.000000 0.000000 0 0.651042 0.165741 2 0.651042 0.165741 2
3 0.607812 0.187963 0.040000 0.040000 0.000000 0.000000 0 0.000000 0.000000 0 0.607812 0.187963 2 0.607812 0.187963 2
4 0.886979 0.272222 0.040000 0.040000 0.000000 0.000000 0 0.000000 0.000000 0 0.886979 0.272222 2 0.886979 0.272222 2
4 0.796875 0.403704 0.040000 0.040000 0.000000 0.000000 0 0.000000 0.000000 0 0.796875 0.403704 2 0.796875 0.403704 2
