0 0.249479 0.350198 0.078542 0.141456 0.268750 0.400926 2 0.230208 0.400926 2 0.250810 0.299470 2 0.256211 0.389361 2
0 0.667677 0.466792 0.055688 0.180491 0.675521 0.515741 2 0.672917 0.537037 2 0.659833 0.396546 2 0.674924 0.509301 2
0 0.570312 0.343564 0.079583 0.139910 0.590104 0.387037 2 0.550521 0.393519 2 0.573502 0.293609 2 0.578646 0.380556 2
0 0.507031 0.426014 0.085312 0.158342 0.529687 0.484259 2 0.484375 0.485185 2 0.508627 0.366843 2 0.515176 0.472994 2
0 0.475000 0.345908 0.079584 0.109297 0.494792 0.380556 2 0.455208 0.380556 2 0.473078 0.311259 2 0.478883 0.374504 2
0 0.682291 0.402315 0.056667 0.111296 0.000000 0.000000 0 0.000000 0.000000 0 0.673958 0.366667 2 0.690625 0.437963 2
2 0.588542 0.153704 0.040000 0.040000 0.000000 0.000000 0 0.000000 0.000000 0 0.588542 0.153704 2 0.588542 0.153704 2
3 0.544792 0.176852 0.040000 0.040000 0.000000 0.000000 0 0.000000 0.000000 0 0.544792 0.176852 2 0.544792 0.176852 2
4 0.740625 0.391667 0.040000 0.040000 0.000000 0.000000 0 0.000000 0.000000 0 0.740625 0.391667 2 0.740625 0.391667 2
4 0.831250 0.256481 0.040000 0.040000 0.000000 0.000000 0 0.000000 0.000000 0 0.831250 0.256481 2 0.831250 0.256481 2
