0 0.271615 0.351536 0.080104 0.142485 0.291667 0.400000 2 0.251563 0.402778 2 0.272386 0.300293 2 0.277064 0.392405 2
0 0.492448 0.331012 0.080104 0.144642 0.512500 0.381481 2 0.472396 0.383333 2 0.500622 0.278691 2 0.501175 0.370895 2
0 0.663448 0.455632 0.055812 0.173179 0.671354 0.501852 2 0.666146 0.522222 2 0.655542 0.389043 2 0.668264 0.497836 2
0 0.715104 0.390031 0.086875 0.156235 0.738542 0.448148 2 0.691667 0.446296 2 0.723065 0.331913 2 0.723658 0.435293 2
0 0.600000 0.339660 0.081666 0.145866 0.620833 0.388889 2 0.579167 0.392593 2 0.606218 0.286727 2 0.607695 0.380283 2
0 0.537239 0.431018 0.086355 0.161297 0.560417 0.487037 2 0.514062 0.491667 2 0.540625 0.370370 2 0.544723 0.479125 2
2 0.577083 0.149074 0.040000 0.040000 0.000000 0.000000 0 0.000000 0.000000 0 0.577083 0.149074 2 0.577083 0.149074 2
3 0.533333 0.170370 0.040000 0.040000 0.000000 0.000000 0 0.000000 0.000000 0 0.533333 0.170370 2 0.533333 0.170370 2
4 0.822917 0.254630 0.040000 0.040000 0.000000 0.000000 0 0.000000 0.000000 0 0.822917 0.254630 2 0.822917 0.254630 2
4 0.730729 0.391667 0.040000 0.040000 0.000000 0.000000 0 0.000000 0.000000 0 0.730729 0.391667 2 0.730729 0.391667 2
