0 0.720833 0.483358 0.080625 0.176987 0.700521 0.551852 2 0.741146 0.549074 2 0.726799 0.414865 2 0.717634 0.533770 2
0 0.760938 0.523795 0.092083 0.199818 0.734896 0.603704 2 0.786979 0.598148 2 0.763228 0.443886 2 0.755592 0.584181 2
0 0.608594 0.463754 0.082187 0.181010 0.587500 0.534259 2 0.629687 0.531481 2 0.610408 0.393250 2 0.603914 0.514146 2
0 0.853385 0.508559 0.083229 0.206216 0.831771 0.571296 2 0.875000 0.591667 2 0.858182 0.425451 2 0.848749 0.561382 2
0 0.330469 0.642593 0.113438 0.240000 0.293750 0.742593 2 0.367188 0.737963 2 0.324479 0.542593 2 0.319271 0.722222 2
0 0.253906 0.539815 0.106146 0.206667 0.220833 0.621296 2 0.286979 0.623148 2 0.246354 0.456481 2 0.241667 0.606481 2
1 0.714583 0.489815 0.040000 0.040000 0.000000 0.000000 0 0.000000 0.000000 0 0.714583 0.489815 2 0.714583 0.489815 2
3 0.860938 0.628704 0.040000 0.040000 0.000000 0.000000 0 0.000000 0.000000 0 0.860938 0.628704 2 0.860938 0.628704 2
4 0.091146 0.300926 0.040000 0.040000 0.000000 0.000000 0 0.000000 0.000000 0 0.091146 0.300926 2 0.091146 0.300926 2
4 0.178125 0.362963 0.040000 0.040000 0.000000 0.000000 0 0.000000 0.000000 0 0.178125 0.362963 2 0.178125 0.362963 2
