0 0.318229 0.588433 0.093125 0.200171 0.344792 0.668519 2 0.291667 0.664815 2 0.320825 0.508348 2 0.327083 0.645370 2
0 0.444792 0.527675 0.088958 0.173538 0.469271 0.594444 2 0.420312 0.590741 2 0.443480 0.460906 2 0.450681 0.578410 2
0 0.813542 0.601852 0.102500 0.201111 0.844792 0.682407 2 0.782292 0.677778 2 0.822917 0.521296 2 0.824479 0.662963 2
0 0.784896 0.723148 0.090000 0.228889 0.000000 0.000000 0 0.759896 0.817593 2 0.802083 0.628704 2 0.809896 0.799074 2
0 0.358854 0.543056 0.063958 0.177963 0.370833 0.612037 2 0.000000 0.000000 0 0.346875 0.474074 2 0.354167 0.598148 2
0 0.199219 0.539815 0.081146 0.186296 0.219792 0.600000 2 0.178646 0.612963 2 0.198438 0.466667 2 0.206771 0.588889 2
1 0.251042 0.527778 0.040000 0.040000 0.000000 0.000000 0 0.000000 0.000000 0 0.251042 0.527778 2 0.251042 0.527778 2
3 0.117708 0.677778 0.040000 0.040000 0.000000 0.000000 0 0.000000 0.000000 0 0.117708 0.677778 2 0.117708 0.677778 2
4 0.844271 0.325926 0.040000 0.040000 0.000000 0.000000 0 0.000000 0.000000 0 0.844271 0.325926 2 0.844271 0.325926 2
4 0.761979 0.390741 0.040000 0.040000 0.000000 0.000000 0 0.000000 0.000000 0 0.761979 0.390741 2 0.761979 0.390741 2
