0 0.279167 0.483358 0.080625 0.176987 0.299479 0.551852 2 0.258854 0.549074 2 0.273201 0.414865 2 0.282366 0.533770 2
0 0.239062 0.523795 0.092083 0.199818 0.265104 0.603704 2 0.213021 0.598148 2 0.236772 0.443886 2 0.244408 0.584181 2
0 0.391406 0.463754 0.082187 0.181010 0.412500 0.534259 2 0.370313 0.531481 2 0.389592 0.393250 2 0.396086 0.514146 2
0 0.146615 0.508559 0.083229 0.206216 0.168229 0.571296 2 0.125000 0.591667 2 0.141818 0.425451 2 0.151251 0.561382 2
0 0.669531 0.642593 0.113438 0.240000 0.706250 0.742593 2 0.632812 0.737963 2 0.675521 0.542593 2 0.680729 0.722222 2
0 0.746094 0.539815 0.106146 0.206667 0.779167 0.621296 2 0.713021 0.623148 2 0.753646 0.456481 2 0.758333 0.606481 2
1 0.285417 0.489815 0.040000 0.040000 0.000000 0.000000 0 0.000000 0.000000 0 0.285417 0.489815 2 0.285417 0.489815 2
3 0.139062 0.628704 0.040000 0.040000 0.000000 0.000000 0 0.000000 0.000000 0 0.139062 0.628704 2 0.139062 0.628704 2
4 0.908854 0.300926 0.040000 0.040000 0.000000 0.000000 0 0.000000 0.000000 0 0.908854 0.300926 2 0.908854 0.300926 2
4 0.821875 0.362963 0.040000 0.040000 0.000000 0.000000 0 0.000000 0.000000 0 0.821875 0.362963 2 0.821875 0.362963 2
