0 0.611509 0.392151 0.049274 0.161255 0.000000 0.000000 0 0.000000 0.000000 0 0.606872 0.331523 2 0.616146 0.452778 2
0 0.795981 0.373618 0.050123 0.181652 0.801042 0.425000 2 0.792708 0.444444 2 0.790919 0.302792 2 0.796087 0.420396 2
0 0.271094 0.327717 0.086354 0.164196 0.294271 0.379630 2 0.247917 0.389815 2 0.278582 0.265619 2 0.280250 0.369218 2
2 0.510937 0.123148 0.040000 0.040000 0.000000 0.000000 0 0.000000 0.000000 0 0.510937 0.123148 2 0.510937 0.123148 2
3 0.460938 0.144444 0.040000 0.040000 0.000000 0.000000 0 0.000000 0.000000 0 0.460938 0.144444 2 0.460938 0.144444 2
4 0.682812 0.400926 0.040000 0.040000 0.000000 0.000000 0 0.000000 0.000000 0 0.682812 0.400926 2 0.682812 0.400926 2
4 0.782812 0.235185 0.040000 0.040000 0.000000 0.000000 0 0.000000 0.000000 0 0.782812 0.235185 2 0.782812 0.235185 2
0 0.736198 0.330111 0.045731 0.168666 0.738542 0.380556 2 0.733333 0.394444 2 0.734815 0.265778 2 0.739064 0.370163 2
0 0.653386 0.345370 0.091563 0.164074 0.679167 0.405556 2 0.627604 0.407407 2 0.659375 0.283333 2 0.663106 0.395574 2
0 0.613021 0.432870 0.066042 0.200185 0.612500 0.487963 2 0.626042 0.512963 2 0.600000 0.352778 2 0.614063 0.484259 2
