0 0.055468 0.379767 0.065521 0.145280 0.068229 0.419444 2 0.042708 0.432407 2 0.052051 0.327127 2 0.059968 0.416274 2
0 0.234375 0.441662 0.081666 0.147415 0.255208 0.495370 2 0.213542 0.494444 2 0.236031 0.387955 2 0.240756 0.485070 2
0 0.094791 0.377316 0.073333 0.139073 0.111458 0.425926 2 0.078125 0.426852 2 0.092634 0.327779 2 0.099501 0.417969 2
0 0.333594 0.382157 0.050938 0.147909 0.339063 0.421296 2 0.328125 0.436111 2 0.328605 0.328202 2 0.334896 0.417593 2
0 0.283854 0.335649 0.069167 0.124259 0.298438 0.377778 2 0.269271 0.375926 2 0.277604 0.293519 2 0.285937 0.367593 2
0 0.687760 0.488889 0.067604 0.169630 0.701562 0.536111 2 0.673958 0.553704 2 0.686979 0.424074 2 0.692909 0.527878 2
2 0.732812 0.157407 0.040000 0.040000 0.000000 0.000000 0 0.000000 0.000000 0 0.732812 0.157407 2 0.732812 0.157407 2
3 0.686458 0.177778 0.040000 0.040000 0.000000 0.000000 0 0.000000 0.000000 0 0.686458 0.177778 2 0.686458 0.177778 2
4 0.851042 0.400000 0.040000 0.040000 0.000000 0.000000 0 0.000000 0.000000 0 0.851042 0.400000 2 0.851042 0.400000 2
4 0.955729 0.268519 0.040000 0.040000 0.000000 0.000000 0 0.000000 0.000000 0 0.955729 0.268519 2 0.955729 0.268519 2
