0 0.510938 0.477582 0.085833 0.157058 0.488021 0.533333 2 0.533854 0.536111 2 0.504795 0.419053 2 0.501957 0.522468 2
0 0.687240 0.413531 0.079063 0.146273 0.667708 0.463889 2 0.706771 0.466667 2 0.684786 0.360394 2 0.680208 0.457407 2
0 0.558786 0.334480 0.044030 0.117336 0.000000 0.000000 0 0.000000 0.000000 0 0.560801 0.295812 2 0.556771 0.373148 2
0 0.856250 0.355612 0.057708 0.139889 0.847396 0.390741 2 0.865104 0.405556 2 0.857946 0.305667 2 0.853717 0.385371 2
2 0.321875 0.166667 0.040000 0.040000 0.000000 0.000000 0 0.000000 0.000000 0 0.321875 0.166667 2 0.321875 0.166667 2
3 0.364063 0.188889 0.040000 0.040000 0.000000 0.000000 0 0.000000 0.000000 0 0.364063 0.188889 2 0.364063 0.188889 2
4 0.178646 0.405556 0.040000 0.040000 0.000000 0.000000 0 0.000000 0.000000 0 0.178646 0.405556 2 0.178646 0.405556 2
4 0.088021 0.275000 0.040000 0.040000 0.000000 0.000000 0 0.000000 0.000000 0 0.088021 0.275000 2 0.088021 0.275000 2
0 0.572656 0.370833 0.079062 0.137222 0.553125 0.419444 2 0.592187 0.419444 2 0.569792 0.322222 2 0.567708 0.408333 2
0 0.317968 0.442129 0.046771 0.159445 0.314583 0.486111 2 0.314583 0.501852 2 0.321354 0.382407 2 0.315902 0.482347 2
