0 0.382552 0.439182 0.091562 0.180155 0.356771 0.496296 2 0.408333 0.509259 2 0.377457 0.369104 2 0.373205 0.485245 2
0 0.457032 0.332333 0.083229 0.149408 0.435417 0.385185 2 0.478646 0.387037 2 0.453875 0.277629 2 0.451742 0.374274 2
0 0.323698 0.338626 0.085312 0.153488 0.301042 0.392593 2 0.346354 0.395370 2 0.316966 0.281882 2 0.316474 0.380268 2
0 0.698302 0.352654 0.067854 0.153210 0.684375 0.389815 2 0.704167 0.409259 2 0.712229 0.296049 2 0.690625 0.385185 2
2 0.441667 0.139815 0.040000 0.040000 0.000000 0.000000 0 0.000000 0.000000 0 0.441667 0.139815 2 0.441667 0.139815 2
3 0.488021 0.159259 0.040000 0.040000 0.000000 0.000000 0 0.000000 0.000000 0 0.488021 0.159259 2 0.488021 0.159259 2
4 0.188021 0.246296 0.040000 0.040000 0.000000 0.000000 0 0.000000 0.000000 0 0.188021 0.246296 2 0.188021 0.246296 2
4 0.282813 0.389815 0.040000 0.040000 0.000000 0.000000 0 0.000000 0.000000 0 0.282813 0.389815 2 0.282813 0.389815 2
0 0.334899 0.433153 0.046304 0.182955 0.333854 0.482407 2 0.334375 0.504630 2 0.338051 0.361675 2 0.331747 0.475751 2
0 0.208593 0.391667 0.070729 0.171481 0.193229 0.442593 2 0.223958 0.457407 2 0.209375 0.325926 2 0.203781 0.431299 2
