0 0.693750 0.335337 0.074376 0.132288 0.676562 0.380556 2 0.710938 0.381481 2 0.693394 0.289193 2 0.688181 0.373676 2
0 0.885677 0.380864 0.074896 0.141235 0.868229 0.430556 2 0.903125 0.431481 2 0.888501 0.330246 2 0.881377 0.422473 2
0 0.930989 0.376559 0.065521 0.144291 0.918229 0.414815 2 0.943750 0.428704 2 0.931968 0.324413 2 0.927764 0.410607 2
0 0.663802 0.378841 0.050938 0.143431 0.658333 0.415741 2 0.669271 0.430556 2 0.667802 0.327125 2 0.662925 0.408478 2
0 0.737500 0.444908 0.082708 0.150185 0.716146 0.499074 2 0.758854 0.500000 2 0.734375 0.389815 2 0.731133 0.490040 2
0 0.335677 0.500926 0.088438 0.130740 0.315104 0.527778 2 0.311458 0.546296 2 0.359896 0.455556 2 0.317188 0.528704 2
2 0.275521 0.159259 0.040000 0.040000 0.000000 0.000000 0 0.000000 0.000000 0 0.275521 0.159259 2 0.275521 0.159259 2
3 0.321875 0.177778 0.040000 0.040000 0.000000 0.000000 0 0.000000 0.000000 0 0.321875 0.177778 2 0.321875 0.177778 2
4 0.157812 0.399074 0.040000 0.040000 0.000000 0.000000 0 0.000000 0.000000 0 0.157812 0.399074 2 0.157812 0.399074 2
4 0.053125 0.270370 0.040000 0.040000 0.000000 0.000000 0 0.000000 0.000000 0 0.053125 0.270370 2 0.053125 0.270370 2
