0 0.908333 0.376737 0.072291 0.136527 0.892188 0.424074 2 0.924479 0.425000 2 0.910741 0.328473 2 0.905515 0.413218 2
0 0.666399 0.385312 0.055090 0.147154 0.658854 0.420370 2 0.671875 0.438889 2 0.673944 0.331735 2 0.664062 0.418519 2
0 0.771615 0.438952 0.080104 0.145430 0.751563 0.491667 2 0.791667 0.491667 2 0.771115 0.386237 2 0.765625 0.482407 2
0 0.946093 0.382412 0.064479 0.145547 0.933854 0.421296 2 0.958333 0.435185 2 0.949953 0.329638 2 0.942708 0.415741 2
0 0.315364 0.488810 0.075937 0.167936 0.297396 0.540741 2 0.333333 0.552778 2 0.309792 0.424842 2 0.308514 0.530281 2
0 0.720834 0.332871 0.069167 0.127963 0.706250 0.376852 2 0.735417 0.375000 2 0.725000 0.288889 2 0.718229 0.367593 2
2 0.261458 0.155556 0.040000 0.040000 0.000000 0.000000 0 0.000000 0.000000 0 0.261458 0.155556 2 0.261458 0.155556 2
3 0.306250 0.175000 0.040000 0.040000 0.000000 0.000000 0 0.000000 0.000000 0 0.306250 0.175000 2 0.306250 0.175000 2
4 0.146354 0.399074 0.040000 0.040000 0.000000 0.000000 0 0.000000 0.000000 0 0.146354 0.399074 2 0.146354 0.399074 2
4 0.039583 0.267593 0.040000 0.040000 0.000000 0.000000 0 0.000000 0.000000 0 0.039583 0.267593 2 0.039583 0.267593 2
