0 0.378906 0.462149 0.081146 0.180517 0.399479 0.532407 2 0.358333 0.527778 2 0.373597 0.391891 2 0.383254 0.513939 2
0 0.265885 0.479070 0.084271 0.180007 0.288021 0.549074 2 0.243750 0.545370 2 0.260050 0.409067 2 0.268848 0.534091 2
0 0.133333 0.512145 0.084792 0.204599 0.155729 0.576852 2 0.110938 0.594444 2 0.130444 0.429846 2 0.137793 0.568805 2
0 0.220833 0.520096 0.092083 0.205364 0.246875 0.602778 2 0.194792 0.596296 2 0.222905 0.437414 2 0.228841 0.583944 2
0 0.645833 0.642593 0.115000 0.243704 0.683333 0.744444 2 0.608333 0.736111 2 0.648958 0.540741 2 0.654687 0.722222 2
0 0.730469 0.539815 0.110313 0.208519 0.765625 0.624074 2 0.695312 0.623148 2 0.738542 0.455556 2 0.743750 0.603704 2
1 0.289062 0.489815 0.040000 0.040000 0.000000 0.000000 0 0.000000 0.000000 0 0.289062 0.489815 2 0.289062 0.489815 2
3 0.136979 0.630556 0.040000 0.040000 0.000000 0.000000 0 0.000000 0.000000 0 0.136979 0.630556 2 0.136979 0.630556 2
4 0.919271 0.300000 0.040000 0.040000 0.000000 0.000000 0 0.000000 0.000000 0 0.919271 0.300000 2 0.919271 0.300000 2
4 0.833333 0.361111 0.040000 0.040000 0.000000 0.000000 0 0.000000 0.000000 0 0.833333 0.361111 2 0.833333 0.361111 2
