0 0.605730 0.333149 0.087917 0.155184 0.629688 0.389815 2 0.581771 0.390741 2 0.611421 0.275557 2 0.613555 0.379674 2
0 0.285938 0.333439 0.052501 0.162009 0.292188 0.375926 2 0.279687 0.394444 2 0.280010 0.272435 2 0.286706 0.368555 2
0 0.801302 0.379273 0.047812 0.177749 0.805208 0.427778 2 0.797396 0.448148 2 0.799793 0.310399 2 0.801563 0.419444 2
0 0.625521 0.455093 0.097292 0.146481 0.646875 0.485185 2 0.654167 0.508333 2 0.596875 0.401852 2 0.643750 0.488889 2
0 0.644010 0.401852 0.045729 0.164074 0.000000 0.000000 0 0.000000 0.000000 0 0.641146 0.339815 2 0.646875 0.463889 2
0 0.724219 0.333796 0.072812 0.124259 0.000000 0.000000 0 0.000000 0.000000 0 0.707813 0.291667 2 0.740625 0.375926 2
2 0.541146 0.127778 0.040000 0.040000 0.000000 0.000000 0 0.000000 0.000000 0 0.541146 0.127778 2 0.541146 0.127778 2
3 0.492708 0.149074 0.040000 0.040000 0.000000 0.000000 0 0.000000 0.000000 0 0.492708 0.149074 2 0.492708 0.149074 2
4 0.706771 0.388889 0.040000 0.040000 0.000000 0.000000 0 0.000000 0.000000 0 0.706771 0.388889 2 0.706771 0.388889 2
4 0.804167 0.236111 0.040000 0.040000 0.000000 0.000000 0 0.000000 0.000000 0 0.804167 0.236111 2 0.804167 0.236111 2
