0 0.245313 0.351925 0.078541 0.139854 0.264583 0.399074 2 0.226042 0.401852 2 0.247411 0.301998 2 0.250698 0.390004 2
0 0.500781 0.424737 0.083229 0.157193 0.522396 0.481481 2 0.479167 0.483333 2 0.502738 0.366140 2 0.508211 0.471549 2
0 0.564323 0.343044 0.080104 0.135395 0.584375 0.389815 2 0.544271 0.390741 2 0.567868 0.295346 2 0.571735 0.381109 2
2 0.592708 0.154630 0.040000 0.040000 0.000000 0.000000 0 0.000000 0.000000 0 0.592708 0.154630 2 0.592708 0.154630 2
3 0.548438 0.175000 0.040000 0.040000 0.000000 0.000000 0 0.000000 0.000000 0 0.548438 0.175000 2 0.548438 0.175000 2
4 0.833333 0.258333 0.040000 0.040000 0.000000 0.000000 0 0.000000 0.000000 0 0.833333 0.258333 2 0.833333 0.258333 2
4 0.743229 0.391667 0.040000 0.040000 0.000000 0.000000 0 0.000000 0.000000 0 0.743229 0.391667 2 0.743229 0.391667 2
0 0.653276 0.480409 0.081365 0.147701 0.669792 0.518519 2 0.673958 0.534259 2 0.632593 0.426558 2 0.668642 0.510386 2
0 0.682291 0.408334 0.080625 0.110371 0.702604 0.443519 2 0.661979 0.441667 2 0.672396 0.373148 2 0.688021 0.436111 2
0 0.474219 0.348496 0.079062 0.104121 0.493750 0.380556 2 0.454688 0.380556 2 0.476240 0.316435 2 0.480523 0.374380 2
