0 0.617448 0.439182 0.091562 0.180155 0.643229 0.496296 2 0.591667 0.509259 2 0.622543 0.369104 2 0.626795 0.485245 2
0 0.542968 0.332333 0.083229 0.149408 0.564583 0.385185 2 0.521354 0.387037 2 0.546125 0.277629 2 0.548258 0.374274 2
0 0.676302 0.338626 0.085312 0.153488 0.698958 0.392593 2 0.653646 0.395370 2 0.683034 0.281882 2 0.683526 0.380268 2
0 0.301698 0.352654 0.067854 0.153210 0.315625 0.389815 2 0.295833 0.409259 2 0.287771 0.296049 2 0.309375 0.385185 2
2 0.558333 0.139815 0.040000 0.040000 0.000000 0.000000 0 0.000000 0.000000 0 0.558333 0.139815 2 0.558333 0.139815 2
3 0.511979 0.159259 0.040000 0.040000 0.000000 0.000000 0 0.000000 0.000000 0 0.511979 0.159259 2 0.511979 0.159259 2
4 0.811979 0.246296 0.040000 0.040000 0.000000 0.000000 0 0.000000 0.000000 0 0.811979 0.246296 2 0.811979 0.246296 2
4 0.717187 0.389815 0.040000 0.040000 0.000000 0.000000 0 0.000000 0.000000 0 0.717187 0.389815 2 0.717187 0.389815 2
0 0.665101 0.433153 0.046304 0.182955 0.666146 0.482407 2 0.665625 0.504630 2 0.661949 0.361675 2 0.668253 0.475751 2
0 0.791407 0.391667 0.070729 0.171481 0.806771 0.442593 2 0.776042 0.457407 2 0.790625 0.325926 2 0.796219 0.431299 2
