0 0.388491 0.392151 0.049274 0.161255 0.000000 0.000000 0 0.000000 0.000000 0 0.393128 0.331523 2 0.383854 0.452778 2
0 0.204019 0.373618 0.050123 0.181652 0.198958 0.425000 2 0.207292 0.444444 2 0.209081 0.302792 2 0.203913 0.420396 2
0 0.728906 0.327717 0.086354 0.164196 0.705729 0.379630 2 0.752083 0.389815 2 0.721418 0.265619 2 0.719750 0.369218 2
2 0.489063 0.123148 0.040000 0.040000 0.000000 0.000000 0 0.000000 0.000000 0 0.489063 0.123148 2 0.489063 0.123148 2
3 0.539062 0.144444 0.040000 0.040000 0.000000 0.000000 0 0.000000 0.000000 0 0.539062 0.144444 2 0.539062 0.144444 2
4 0.317188 0.400926 0.040000 0.040000 0.000000 0.000000 0 0.000000 0.000000 0 0.317188 0.400926 2 0.317188 0.400926 2
4 0.217188 0.235185 0.040000 0.040000 0.000000 0.000000 0 0.000000 0.000000 0 0.217188 0.235185 2 0.217188 0.235185 2
0 0.263802 0.330111 0.045731 0.168666 0.261458 0.380556 2 0.266667 0.394444 2 0.265185 0.265778 2 0.260936 0.370163 2
0 0.346614 0.345370 0.091563 0.164074 0.320833 0.405556 2 0.372396 0.407407 2 0.340625 0.283333 2 0.336894 0.395574 2
0 0.386979 0.432870 0.066042 0.200185 0.387500 0.487963 2 0.373958 0.512963 2 0.400000 0.352778 2 0.385937 0.484259 2
