0 0.499740 0.478923 0.086355 0.158080 0.522917 0.537037 2 0.476562 0.537963 2 0.506571 0.419883 2 0.508549 0.523600 2
0 0.143750 0.354322 0.063958 0.138764 0.155729 0.389815 2 0.131771 0.403704 2 0.144357 0.304940 2 0.149734 0.382999 2
0 0.320052 0.413323 0.080104 0.146689 0.340104 0.463889 2 0.300000 0.466667 2 0.323872 0.359978 2 0.327690 0.457466 2
0 0.434896 0.370248 0.077500 0.142096 0.453646 0.417593 2 0.416146 0.421296 2 0.436768 0.319200 2 0.441667 0.410185 2
0 0.446115 0.336222 0.044731 0.119852 0.000000 0.000000 0 0.000000 0.000000 0 0.443750 0.296296 2 0.448481 0.376148 2
0 0.676562 0.439814 0.047291 0.156667 0.680208 0.481481 2 0.679688 0.498148 2 0.672917 0.381481 2 0.678120 0.477174 2
2 0.673438 0.166667 0.040000 0.040000 0.000000 0.000000 0 0.000000 0.000000 0 0.673438 0.166667 2 0.673438 0.166667 2
3 0.630729 0.187963 0.040000 0.040000 0.000000 0.000000 0 0.000000 0.000000 0 0.630729 0.187963 2 0.630729 0.187963 2
4 0.906771 0.275000 0.040000 0.040000 0.000000 0.000000 0 0.000000 0.000000 0 0.906771 0.275000 2 0.906771 0.275000 2
4 0.815625 0.403704 0.040000 0.040000 0.000000 0.000000 0 0.000000 0.000000 0 0.815625 0.403704 2 0.815625 0.403704 2
