0 0.663921 0.442973 0.053823 0.178128 0.670833 0.490741 2 0.665104 0.512037 2 0.657010 0.373909 2 0.668971 0.485602 2
0 0.572917 0.432410 0.091042 0.165921 0.598438 0.492593 2 0.547396 0.495370 2 0.575484 0.369449 2 0.580580 0.482528 2
0 0.294010 0.349629 0.084271 0.150002 0.316146 0.400926 2 0.271875 0.404630 2 0.298733 0.294628 2 0.302591 0.391568 2
0 0.633854 0.337120 0.081666 0.147243 0.654687 0.387963 2 0.613021 0.390741 2 0.638062 0.283498 2 0.640545 0.381258 2
0 0.753125 0.390827 0.088958 0.158346 0.777604 0.445370 2 0.728646 0.450000 2 0.762479 0.331654 2 0.763420 0.436110 2
0 0.514062 0.330618 0.080625 0.143579 0.534375 0.380556 2 0.493750 0.382407 2 0.518449 0.278828 2 0.521142 0.371668 2
2 0.569792 0.144444 0.040000 0.040000 0.000000 0.000000 0 0.000000 0.000000 0 0.569792 0.144444 2 0.569792 0.144444 2
3 0.523438 0.165741 0.040000 0.040000 0.000000 0.000000 0 0.000000 0.000000 0 0.523438 0.165741 2 0.523438 0.165741 2
4 0.723958 0.386111 0.040000 0.040000 0.000000 0.000000 0 0.000000 0.000000 0 0.723958 0.386111 2 0.723958 0.386111 2
4 0.816146 0.248148 0.040000 0.040000 0.000000 0.000000 0 0.000000 0.000000 0 0.816146 0.248148 2 0.816146 0.248148 2
