0 0.111438 0.518523 0.051417 0.225177 0.116146 0.583333 2 0.105729 0.611111 2 0.117146 0.425934 2 0.114062 0.576852 2
0 0.184896 0.499709 0.074375 0.203544 0.202083 0.581481 2 0.167708 0.578704 2 0.169553 0.417937 2 0.186458 0.563889 2
0 0.248437 0.454824 0.056667 0.191462 0.256771 0.530556 2 0.240104 0.525000 2 0.249823 0.379093 2 0.252300 0.510516 2
0 0.352083 0.444492 0.077500 0.180645 0.370833 0.514815 2 0.333333 0.510185 2 0.347468 0.374170 2 0.355274 0.496022 2
0 0.559115 0.618205 0.115521 0.262849 0.596875 0.729630 2 0.521354 0.724074 2 0.560187 0.506781 2 0.569869 0.703920 2
0 0.677344 0.527315 0.111354 0.218704 0.713021 0.616667 2 0.641667 0.614815 2 0.682292 0.437963 2 0.686170 0.601823 2
3 0.151563 0.629630 0.040000 0.040000 0.000000 0.000000 0 0.000000 0.000000 0 0.151563 0.629630 2 0.151563 0.629630 2
4 0.892708 0.355556 0.040000 0.040000 0.000000 0.000000 0 0.000000 0.000000 0 0.892708 0.355556 2 0.892708 0.355556 2
4 0.982187 0.294444 0.035625 0.040000 0.000000 0.000000 0 0.000000 0.000000 0 0.984375 0.294444 2 0.984375 0.294444 2
1 0.322917 0.482407 0.040000 0.040000 0.000000 0.000000 0 0.000000 0.000000 0 0.322917 0.482407 2 0.322917 0.482407 2
