0 0.524396 0.338472 0.041207 0.122317 0.000000 0.000000 0 0.000000 0.000000 0 0.523793 0.297313 2 0.525000 0.379630 2
0 0.832291 0.361574 0.073333 0.107592 0.815625 0.395370 2 0.848958 0.394444 2 0.838542 0.327778 2 0.827604 0.392593 2
0 0.626302 0.421296 0.081146 0.147407 0.605729 0.471296 2 0.646875 0.475000 2 0.623958 0.367593 2 0.619792 0.462963 2
0 0.544792 0.380556 0.076458 0.119629 0.526563 0.405556 2 0.540104 0.420370 2 0.563021 0.340741 2 0.532813 0.407407 2
0 0.332291 0.424074 0.048333 0.154814 0.328125 0.464815 2 0.334375 0.481481 2 0.336458 0.366667 2 0.330729 0.461111 2
2 0.343750 0.166667 0.040000 0.040000 0.000000 0.000000 0 0.000000 0.000000 0 0.343750 0.166667 2 0.343750 0.166667 2
3 0.387500 0.188889 0.040000 0.040000 0.000000 0.000000 0 0.000000 0.000000 0 0.387500 0.188889 2 0.387500 0.188889 2
4 0.199479 0.404630 0.040000 0.040000 0.000000 0.000000 0 0.000000 0.000000 0 0.199479 0.404630 2 0.199479 0.404630 2
4 0.109375 0.274074 0.040000 0.040000 0.000000 0.000000 0 0.000000 0.000000 0 0.109375 0.274074 2 0.109375 0.274074 2
0 0.429948 0.483796 0.087396 0.159445 0.406250 0.543519 2 0.453646 0.543519 2 0.423958 0.424074 2 0.422635 0.530220 2
