0 0.681771 0.588433 0.093125 0.200171 0.655208 0.668519 2 0.708333 0.664815 2 0.679175 0.508348 2 0.672917 0.645370 2
0 0.555208 0.527675 0.088958 0.173538 0.530729 0.594444 2 0.579688 0.590741 2 0.556520 0.460906 2 0.549319 0.578410 2
0 0.186458 0.601852 0.102500 0.201111 0.155208 0.682407 2 0.217708 0.677778 2 0.177083 0.521296 2 0.175521 0.662963 2
0 0.215104 0.723148 0.090000 0.228889 0.000000 0.000000 0 0.240104 0.817593 2 0.197917 0.628704 2 0.190104 0.799074 2
0 0.641146 0.543056 0.063958 0.177963 0.629167 0.612037 2 0.000000 0.000000 0 0.653125 0.474074 2 0.645833 0.598148 2
0 0.800781 0.539815 0.081146 0.186296 0.780208 0.600000 2 0.821354 0.612963 2 0.801562 0.466667 2 0.793229 0.588889 2
1 0.748958 0.527778 0.040000 0.040000 0.000000 0.000000 0 0.000000 0.000000 0 0.748958 0.527778 2 0.748958 0.527778 2
3 0.882292 0.677778 0.040000 0.040000 0.000000 0.000000 0 0.000000 0.000000 0 0.882292 0.677778 2 0.882292 0.677778 2
4 0.155729 0.325926 0.040000 0.040000 0.000000 0.000000 0 0.000000 0.000000 0 0.155729 0.325926 2 0.155729 0.325926 2
4 0.238021 0.390741 0.040000 0.040000 0.000000 0.000000 0 0.000000 0.000000 0 0.238021 0.390741 2 0.238021 0.390741 2
