0 0.091667 0.376737 0.072291 0.136527 0.107812 0.424074 2 0.075521 0.425000 2 0.089259 0.328473 2 0.094485 0.413218 2
0 0.333601 0.385312 0.055090 0.147154 0.341146 0.420370 2 0.328125 0.438889 2 0.326056 0.331735 2 0.335938 0.418519 2
0 0.228385 0.438952 0.080104 0.145430 0.248437 0.491667 2 0.208333 0.491667 2 0.228885 0.386237 2 0.234375 0.482407 2
0 0.053907 0.382412 0.064479 0.145547 0.066146 0.421296 2 0.041667 0.435185 2 0.050047 0.329638 2 0.057292 0.415741 2
0 0.684636 0.488810 0.075937 0.167936 0.702604 0.540741 2 0.666667 0.552778 2 0.690208 0.424842 2 0.691486 0.530281 2
0 0.279166 0.332871 0.069167 0.127963 0.293750 0.376852 2 0.264583 0.375000 2 0.275000 0.288889 2 0.281771 0.367593 2
2 0.738542 0.155556 0.040000 0.040000 0.000000 0.000000 0 0.000000 0.000000 0 0.738542 0.155556 2 0.738542 0.155556 2
3 0.693750 0.175000 0.040000 0.040000 0.000000 0.000000 0 0.000000 0.000000 0 0.693750 0.175000 2 0.693750 0.175000 2
4 0.853646 0.399074 0.040000 0.040000 0.000000 0.000000 0 0.000000 0.000000 0 0.853646 0.399074 2 0.853646 0.399074 2
4 0.960417 0.267593 0.040000 0.040000 0.000000 0.000000 0 0.000000 0.000000 0 0.960417 0.267593 2 0.960417 0.267593 2
