0 0.728385 0.351536 0.080104 0.142485 0.708333 0.400000 2 0.748437 0.402778 2 0.727614 0.300293 2 0.722936 0.392405 2
0 0.507552 0.331012 0.080104 0.144642 0.487500 0.381481 2 0.527604 0.383333 2 0.499378 0.278691 2 0.498825 0.370895 2
0 0.336552 0.455632 0.055812 0.173179 0.328646 0.501852 2 0.333854 0.522222 2 0.344458 0.389043 2 0.331736 0.497836 2
0 0.284896 0.390031 0.086875 0.156235 0.261458 0.448148 2 0.308333 0.446296 2 0.276935 0.331913 2 0.276342 0.435293 2
0 0.400000 0.339660 0.081666 0.145866 0.379167 0.388889 2 0.420833 0.392593 2 0.393782 0.286727 2 0.392305 0.380283 2
0 0.462761 0.431018 0.086355 0.161297 0.439583 0.487037 2 0.485938 0.491667 2 0.459375 0.370370 2 0.455277 0.479125 2
2 0.422917 0.149074 0.040000 0.040000 0.000000 0.000000 0 0.000000 0.000000 0 0.422917 0.149074 2 0.422917 0.149074 2
3 0.466667 0.170370 0.040000 0.040000 0.000000 0.000000 0 0.000000 0.000000 0 0.466667 0.170370 2 0.466667 0.170370 2
4 0.177083 0.254630 0.040000 0.040000 0.000000 0.000000 0 0.000000 0.000000 0 0.177083 0.254630 2 0.177083 0.254630 2
4 0.269271 0.391667 0.040000 0.040000 0.000000 0.000000 0 0.000000 0.000000 0 0.269271 0.391667 2 0.269271 0.391667 2
