0 0.921615 0.373908 0.073855 0.134775 0.904687 0.419444 2 0.938542 0.421296 2 0.923793 0.326521 2 0.917765 0.410122 2
0 0.787500 0.435743 0.078542 0.148144 0.768229 0.489815 2 0.806771 0.487963 2 0.786186 0.381671 2 0.780997 0.477650 2
0 0.732031 0.328150 0.068646 0.128144 0.717708 0.372222 2 0.746354 0.371296 2 0.735600 0.284078 2 0.729181 0.362292 2
0 0.952786 0.385945 0.055988 0.144035 0.944792 0.420370 2 0.958854 0.437963 2 0.960780 0.333928 2 0.951034 0.419116 2
0 0.332292 0.487037 0.086875 0.165926 0.308854 0.541667 2 0.355729 0.550000 2 0.324479 0.424074 2 0.323437 0.533333 2
0 0.670573 0.386574 0.055104 0.148334 0.663021 0.423148 2 0.672917 0.440741 2 0.678125 0.332407 2 0.666991 0.420832 2
2 0.255729 0.154630 0.040000 0.040000 0.000000 0.000000 0 0.000000 0.000000 0 0.255729 0.154630 2 0.255729 0.154630 2
3 0.300521 0.175000 0.040000 0.040000 0.000000 0.000000 0 0.000000 0.000000 0 0.300521 0.175000 2 0.300521 0.175000 2
4 0.143750 0.397222 0.040000 0.040000 0.000000 0.000000 0 0.000000 0.000000 0 0.143750 0.397222 2 0.143750 0.397222 2
4 0.034896 0.266667 0.040000 0.040000 0.000000 0.000000 0 0.000000 0.000000 0 0.034896 0.266667 2 0.034896 0.266667 2
