0 0.256771 0.326476 0.069166 0.129641 0.271354 0.370370 2 0.242188 0.371296 2 0.254487 0.281655 2 0.258333 0.362037 2
0 0.202605 0.435734 0.079583 0.148162 0.222396 0.487963 2 0.182813 0.489815 2 0.203079 0.381653 2 0.208508 0.482138 2
0 0.651562 0.490870 0.091041 0.161963 0.677083 0.548148 2 0.626042 0.551852 2 0.660985 0.429889 2 0.662028 0.534580 2
0 0.048698 0.391410 0.051980 0.146067 0.054688 0.430556 2 0.042708 0.444444 2 0.042774 0.338377 2 0.050000 0.428704 2
0 0.336458 0.394338 0.051458 0.149472 0.342187 0.433333 2 0.330729 0.449074 2 0.337926 0.339602 2 0.339823 0.428630 2
0 0.068490 0.371297 0.046771 0.125185 0.000000 0.000000 0 0.000000 0.000000 0 0.065104 0.328704 2 0.071875 0.413889 2
2 0.750521 0.156481 0.040000 0.040000 0.000000 0.000000 0 0.000000 0.000000 0 0.750521 0.156481 2 0.750521 0.156481 2
3 0.704167 0.176852 0.040000 0.040000 0.000000 0.000000 0 0.000000 0.000000 0 0.704167 0.176852 2 0.704167 0.176852 2
4 0.865104 0.397222 0.040000 0.040000 0.000000 0.000000 0 0.000000 0.000000 0 0.865104 0.397222 2 0.865104 0.397222 2
4 0.972396 0.268519 0.040000 0.040000 0.000000 0.000000 0 0.000000 0.000000 0 0.972396 0.268519 2 0.972396 0.268519 2
