0 0.078385 0.373908 0.073855 0.134775 0.095313 0.419444 2 0.061458 0.421296 2 0.076207 0.326521 2 0.082235 0.410122 2
0 0.212500 0.435743 0.078542 0.148144 0.231771 0.489815 2 0.193229 0.487963 2 0.213814 0.381671 2 0.219003 0.477650 2
0 0.267969 0.328150 0.068646 0.128144 0.282292 0.372222 2 0.253646 0.371296 2 0.264400 0.284078 2 0.270819 0.362292 2
0 0.047214 0.385945 0.055988 0.144035 0.055208 0.420370 2 0.041146 0.437963 2 0.039220 0.333928 2 0.048966 0.419116 2
0 0.667708 0.487037 0.086875 0.165926 0.691146 0.541667 2 0.644271 0.550000 2 0.675521 0.424074 2 0.676563 0.533333 2
0 0.329427 0.386574 0.055104 0.148334 0.336979 0.423148 2 0.327083 0.440741 2 0.321875 0.332407 2 0.333009 0.420832 2
2 0.744271 0.154630 0.040000 0.040000 0.000000 0.000000 0 0.000000 0.000000 0 0.744271 0.154630 2 0.744271 0.154630 2
3 0.699479 0.175000 0.040000 0.040000 0.000000 0.000000 0 0.000000 0.000000 0 0.699479 0.175000 2 0.699479 0.175000 2
4 0.856250 0.397222 0.040000 0.040000 0.000000 0.000000 0 0.000000 0.000000 0 0.856250 0.397222 2 0.856250 0.397222 2
4 0.965104 0.266667 0.040000 0.040000 0.000000 0.000000 0 0.000000 0.000000 0 0.965104 0.266667 2 0.965104 0.266667 2
