0 0.336079 0.442973 0.053823 0.178128 0.329167 0.490741 2 0.334896 0.512037 2 0.342990 0.373909 2 0.331029 0.485602 2
0 0.427083 0.432410 0.091042 0.165921 0.401562 0.492593 2 0.452604 0.495370 2 0.424516 0.369449 2 0.419420 0.482528 2
0 0.705990 0.349629 0.084271 0.150002 0.683854 0.400926 2 0.728125 0.404630 2 0.701267 0.294628 2 0.697409 0.391568 2
0 0.366146 0.337120 0.081666 0.147243 0.345313 0.387963 2 0.386979 0.390741 2 0.361938 0.283498 2 0.359455 0.381258 2
0 0.246875 0.390827 0.088958 0.158346 0.222396 0.445370 2 0.271354 0.450000 2 0.237521 0.331654 2 0.236580 0.436110 2
0 0.485938 0.330618 0.080625 0.143579 0.465625 0.380556 2 0.506250 0.382407 2 0.481551 0.278828 2 0.478858 0.371668 2
2 0.430208 0.144444 0.040000 0.040000 0.000000 0.000000 0 0.000000 0.000000 0 0.430208 0.144444 2 0.430208 0.144444 2
3 0.476562 0.165741 0.040000 0.040000 0.000000 0.000000 0 0.000000 0.000000 0 0.476562 0.165741 2 0.476562 0.165741 2
4 0.276042 0.386111 0.040000 0.040000 0.000000 0.000000 0 0.000000 0.000000 0 0.276042 0.386111 2 0.276042 0.386111 2
4 0.183854 0.248148 0.040000 0.040000 0.000000 0.000000 0 0.000000 0.000000 0 0.183854 0.248148 2 0.183854 0.248148 2
