0 0.621094 0.462149 0.081146 0.180517 0.600521 0.532407 2 0.641667 0.527778 2 0.626403 0.391891 2 0.616746 0.513939 2
0 0.734115 0.479070 0.084271 0.180007 0.711979 0.549074 2 0.756250 0.545370 2 0.739950 0.409067 2 0.731152 0.534091 2
0 0.866667 0.512145 0.084792 0.204599 0.844271 0.576852 2 0.889062 0.594444 2 0.869556 0.429846 2 0.862207 0.568805 2
0 0.779167 0.520096 0.092083 0.205364 0.753125 0.602778 2 0.805208 0.596296 2 0.777095 0.437414 2 0.771159 0.583944 2
0 0.354167 0.642593 0.115000 0.243704 0.316667 0.744444 2 0.391667 0.736111 2 0.351042 0.540741 2 0.345313 0.722222 2
0 0.269531 0.539815 0.110313 0.208519 0.234375 0.624074 2 0.304688 0.623148 2 0.261458 0.455556 2 0.256250 0.603704 2
1 0.710938 0.489815 0.040000 0.040000 0.000000 0.000000 0 0.000000 0.000000 0 0.710938 0.489815 2 0.710938 0.489815 2
3 0.863021 0.630556 0.040000 0.040000 0.000000 0.000000 0 0.000000 0.000000 0 0.863021 0.630556 2 0.863021 0.630556 2
4 0.080729 0.300000 0.040000 0.040000 0.000000 0.000000 0 0.000000 0.000000 0 0.080729 0.300000 2 0.080729 0.300000 2
4 0.166667 0.361111 0.040000 0.040000 0.000000 0.000000 0 0.000000 0.000000 0 0.166667 0.361111 2 0.166667 0.361111 2
