0 0.500260 0.478923 0.086355 0.158080 0.477083 0.537037 2 0.523438 0.537963 2 0.493429 0.419883 2 0.491451 0.523600 2
0 0.856250 0.354322 0.063958 0.138764 0.844271 0.389815 2 0.868229 0.403704 2 0.855643 0.304940 2 0.850266 0.382999 2
0 0.679948 0.413323 0.080104 0.146689 0.659896 0.463889 2 0.700000 0.466667 2 0.676128 0.359978 2 0.672310 0.457466 2
0 0.565104 0.370248 0.077500 0.142096 0.546354 0.417593 2 0.583854 0.421296 2 0.563232 0.319200 2 0.558333 0.410185 2
0 0.553885 0.336222 0.044731 0.119852 0.000000 0.000000 0 0.000000 0.000000 0 0.556250 0.296296 2 0.551519 0.376148 2
0 0.323438 0.439814 0.047291 0.156667 0.319792 0.481481 2 0.320312 0.498148 2 0.327083 0.381481 2 0.321880 0.477174 2
2 0.326562 0.166667 0.040000 0.040000 0.000000 0.000000 0 0.000000 0.000000 0 0.326562 0.166667 2 0.326562 0.166667 2
3 0.369271 0.187963 0.040000 0.040000 0.000000 0.000000 0 0.000000 0.000000 0 0.369271 0.187963 2 0.369271 0.187963 2
4 0.093229 0.275000 0.040000 0.040000 0.000000 0.000000 0 0.000000 0.000000 0 0.093229 0.275000 2 0.093229 0.275000 2
4 0.184375 0.403704 0.040000 0.040000 0.000000 0.000000 0 0.000000 0.000000 0 0.184375 0.403704 2 0.184375 0.403704 2
