0 0.691407 0.451198 0.083229 0.152418 0.669792 0.507407 2 0.713021 0.505556 2 0.688162 0.394989 2 0.683745 0.494966 2
0 0.913802 0.371679 0.058230 0.142939 0.904687 0.408333 2 0.922917 0.423148 2 0.920532 0.320209 2 0.910937 0.404630 2
0 0.316728 0.478170 0.044290 0.166995 0.314583 0.520370 2 0.318229 0.541667 2 0.318873 0.414672 2 0.315625 0.518519 2
0 0.653906 0.342592 0.075937 0.130741 0.635938 0.386111 2 0.671875 0.387963 2 0.651042 0.297222 2 0.648438 0.378704 2
0 0.656510 0.372685 0.049895 0.140926 0.651563 0.409259 2 0.660937 0.423148 2 0.661458 0.322222 2 0.654687 0.406481 2
0 0.850781 0.390278 0.075938 0.137222 0.832812 0.438889 2 0.868750 0.438889 2 0.852083 0.341667 2 0.845470 0.427999 2
2 0.285417 0.158333 0.040000 0.040000 0.000000 0.000000 0 0.000000 0.000000 0 0.285417 0.158333 2 0.285417 0.158333 2
3 0.329167 0.181481 0.040000 0.040000 0.000000 0.000000 0 0.000000 0.000000 0 0.329167 0.181481 2 0.329167 0.181481 2
4 0.160417 0.403704 0.040000 0.040000 0.000000 0.000000 0 0.000000 0.000000 0 0.160417 0.403704 2 0.160417 0.403704 2
4 0.059896 0.270370 0.040000 0.040000 0.000000 0.000000 0 0.000000 0.000000 0 0.059896 0.270370 2 0.059896 0.270370 2
