0 0.750521 0.350198 0.078542 0.141456 0.731250 0.400926 2 0.769792 0.400926 2 0.749190 0.299470 2 0.743789 0.389361 2
0 0.332323 0.466792 0.055688 0.180491 0.324479 0.515741 2 0.327083 0.537037 2 0.340167 0.396546 2 0.325076 0.509301 2
0 0.429688 0.343564 0.079583 0.139910 0.409896 0.387037 2 0.449479 0.393519 2 0.426498 0.293609 2 0.421354 0.380556 2
0 0.492969 0.426014 0.085312 0.158342 0.470313 0.484259 2 0.515625 0.485185 2 0.491373 0.366843 2 0.484824 0.472994 2
0 0.525000 0.345908 0.079584 0.109297 0.505208 0.380556 2 0.544792 0.380556 2 0.526922 0.311259 2 0.521117 0.374504 2
0 0.317709 0.402315 0.056667 0.111296 0.000000 0.000000 0 0.000000 0.000000 0 0.326042 0.366667 2 0.309375 0.437963 2
2 0.411458 0.153704 0.040000 0.040000 0.000000 0.000000 0 0.000000 0.000000 0 0.411458 0.153704 2 0.411458 0.153704 2
3 0.455208 0.176852 0.040000 0.040000 0.000000 0.000000 0 0.000000 0.000000 0 0.455208 0.176852 2 0.455208 0.176852 2
4 0.259375 0.391667 0.040000 0.040000 0.000000 0.000000 0 0.000000 0.000000 0 0.259375 0.391667 2 0.259375 0.391667 2
4 0.168750 0.256481 0.040000 0.040000 0.000000 0.000000 0 0.000000 0.000000 0 0.168750 0.256481 2 0.168750 0.256481 2
