0 0.290886 0.389109 0.087395 0.156226 0.267188 0.447222 2 0.314583 0.446296 2 0.282716 0.330996 2 0.282807 0.433970 2
0 0.511459 0.330646 0.080625 0.145373 0.491146 0.379630 2 0.531771 0.383333 2 0.503612 0.277960 2 0.502701 0.369888 2
0 0.732291 0.349791 0.079583 0.144123 0.712500 0.400926 2 0.752083 0.401852 2 0.731477 0.297729 2 0.726657 0.390721 2
0 0.334812 0.457464 0.051290 0.180627 0.329167 0.506481 2 0.332292 0.527778 2 0.340457 0.387151 2 0.331097 0.501496 2
0 0.403906 0.340425 0.080104 0.144337 0.383854 0.388889 2 0.423958 0.392593 2 0.399239 0.288256 2 0.397581 0.380893 2
0 0.467448 0.431481 0.088438 0.158519 0.443229 0.487037 2 0.491667 0.490741 2 0.466667 0.372222 2 0.460134 0.478324 2
2 0.420833 0.150926 0.040000 0.040000 0.000000 0.000000 0 0.000000 0.000000 0 0.420833 0.150926 2 0.420833 0.150926 2
3 0.465104 0.171296 0.040000 0.040000 0.000000 0.000000 0 0.000000 0.000000 0 0.465104 0.171296 2 0.465104 0.171296 2
4 0.176042 0.254630 0.040000 0.040000 0.000000 0.000000 0 0.000000 0.000000 0 0.176042 0.254630 2 0.176042 0.254630 2
4 0.268750 0.386111 0.040000 0.040000 0.000000 0.000000 0 0.000000 0.000000 0 0.268750 0.386111 2 0.268750 0.386111 2
