0 0.401302 0.341073 0.081146 0.141189 0.380729 0.388889 2 0.421875 0.391667 2 0.397706 0.290478 2 0.395710 0.380112 2
0 0.509635 0.332482 0.080104 0.143554 0.489583 0.380556 2 0.529687 0.384259 2 0.501612 0.280705 2 0.501296 0.370343 2
0 0.288802 0.390276 0.087396 0.155744 0.265104 0.445370 2 0.312500 0.448148 2 0.278895 0.332404 2 0.278678 0.435631 2
0 0.730989 0.352553 0.078021 0.142302 0.711979 0.400926 2 0.750000 0.403704 2 0.730140 0.301402 2 0.726251 0.390830 2
0 0.334995 0.458681 0.054782 0.172638 0.327604 0.502778 2 0.332813 0.525000 2 0.342386 0.392362 2 0.331341 0.502303 2
0 0.465365 0.430092 0.086354 0.159445 0.442188 0.487963 2 0.488542 0.489815 2 0.463542 0.370370 2 0.457786 0.478814 2
2 0.421354 0.150926 0.040000 0.040000 0.000000 0.000000 0 0.000000 0.000000 0 0.421354 0.150926 2 0.421354 0.150926 2
3 0.466146 0.171296 0.040000 0.040000 0.000000 0.000000 0 0.000000 0.000000 0 0.466146 0.171296 2 0.466146 0.171296 2
4 0.176563 0.254630 0.040000 0.040000 0.000000 0.000000 0 0.000000 0.000000 0 0.176563 0.254630 2 0.176563 0.254630 2
4 0.268229 0.388889 0.040000 0.040000 0.000000 0.000000 0 0.000000 0.000000 0 0.268229 0.388889 2 0.268229 0.388889 2
