0 0.431510 0.422646 0.082187 0.152117 0.452604 0.472222 2 0.410417 0.478704 2 0.434019 0.366587 2 0.438542 0.464815 2
0 0.512500 0.342316 0.078542 0.134998 0.531771 0.384259 2 0.493229 0.389815 2 0.516479 0.294817 2 0.520155 0.379273 2
0 0.467915 0.352408 0.055212 0.144444 0.475521 0.391667 2 0.463021 0.404630 2 0.460309 0.300186 2 0.469292 0.384078 2
0 0.204687 0.350011 0.075417 0.130718 0.222396 0.395370 2 0.186979 0.395370 2 0.204277 0.304652 2 0.209577 0.388021 2
0 0.646875 0.487189 0.090000 0.161917 0.671875 0.540741 2 0.621875 0.548148 2 0.655832 0.426231 2 0.655482 0.531435 2
0 0.663281 0.393056 0.043646 0.133519 0.000000 0.000000 0 0.000000 0.000000 0 0.661458 0.346296 2 0.665104 0.439815 2
2 0.636458 0.161111 0.040000 0.040000 0.000000 0.000000 0 0.000000 0.000000 0 0.636458 0.161111 2 0.636458 0.161111 2
3 0.593229 0.182407 0.040000 0.040000 0.000000 0.000000 0 0.000000 0.000000 0 0.593229 0.182407 2 0.593229 0.182407 2
4 0.871875 0.266667 0.040000 0.040000 0.000000 0.000000 0 0.000000 0.000000 0 0.871875 0.266667 2 0.871875 0.266667 2
4 0.781771 0.398148 0.040000 0.040000 0.000000 0.000000 0 0.000000 0.000000 0 0.781771 0.398148 2 0.781771 0.398148 2
