0 0.533334 0.346978 0.053541 0.142339 0.526563 0.383333 2 0.540104 0.398148 2 0.539342 0.295809 2 0.532854 0.375837 2
0 0.783854 0.346475 0.077500 0.139642 0.765104 0.393519 2 0.802604 0.396296 2 0.780840 0.296654 2 0.777689 0.382642 2
0 0.549740 0.423750 0.084271 0.149908 0.527604 0.473148 2 0.571875 0.478704 2 0.547302 0.368796 2 0.541234 0.466714 2
0 0.332747 0.384721 0.041952 0.131670 0.000000 0.000000 0 0.000000 0.000000 0 0.333723 0.338886 2 0.331771 0.430556 2
0 0.328906 0.481393 0.086354 0.169806 0.305729 0.533333 2 0.352083 0.546296 2 0.322102 0.416490 2 0.321128 0.523795 2
2 0.373958 0.160185 0.040000 0.040000 0.000000 0.000000 0 0.000000 0.000000 0 0.373958 0.160185 2 0.373958 0.160185 2
3 0.417708 0.181481 0.040000 0.040000 0.000000 0.000000 0 0.000000 0.000000 0 0.417708 0.181481 2 0.417708 0.181481 2
4 0.136979 0.263889 0.040000 0.040000 0.000000 0.000000 0 0.000000 0.000000 0 0.136979 0.263889 2 0.136979 0.263889 2
4 0.226562 0.394444 0.040000 0.040000 0.000000 0.000000 0 0.000000 0.000000 0 0.226562 0.394444 2 0.226562 0.394444 2
0 0.473959 0.340741 0.078541 0.138148 0.454688 0.385185 2 0.493229 0.389815 2 0.470313 0.291667 2 0.467117 0.376396 2
