0 0.598698 0.341073 0.081146 0.141189 0.619271 0.388889 2 0.578125 0.391667 2 0.602294 0.290478 2 0.604290 0.380112 2
0 0.490365 0.332482 0.080104 0.143554 0.510417 0.380556 2 0.470313 0.384259 2 0.498388 0.280705 2 0.498704 0.370343 2
0 0.711198 0.390276 0.087396 0.155744 0.734896 0.445370 2 0.687500 0.448148 2 0.721105 0.332404 2 0.721322 0.435631 2
0 0.269011 0.352553 0.078021 0.142302 0.288021 0.400926 2 0.250000 0.403704 2 0.269860 0.301402 2 0.273749 0.390830 2
0 0.665005 0.458681 0.054782 0.172638 0.672396 0.502778 2 0.667187 0.525000 2 0.657614 0.392362 2 0.668659 0.502303 2
0 0.534635 0.430092 0.086354 0.159445 0.557812 0.487963 2 0.511458 0.489815 2 0.536458 0.370370 2 0.542214 0.478814 2
2 0.578646 0.150926 0.040000 0.040000 0.000000 0.000000 0 0.000000 0.000000 0 0.578646 0.150926 2 0.578646 0.150926 2
3 0.533854 0.171296 0.040000 0.040000 0.000000 0.000000 0 0.000000 0.000000 0 0.533854 0.171296 2 0.533854 0.171296 2
4 0.823437 0.254630 0.040000 0.040000 0.000000 0.000000 0 0.000000 0.000000 0 0.823437 0.254630 2 0.823437 0.254630 2
4 0.731771 0.388889 0.040000 0.040000 0.000000 0.000000 0 0.000000 0.000000 0 0.731771 0.388889 2 0.731771 0.388889 2
