0 0.489062 0.477582 0.085833 0.157058 0.511979 0.533333 2 0.466146 0.536111 2 0.495205 0.419053 2 0.498043 0.522468 2
0 0.312760 0.413531 0.079063 0.146273 0.332292 0.463889 2 0.293229 0.466667 2 0.315214 0.360394 2 0.319792 0.457407 2
0 0.441214 0.334480 0.044030 0.117336 0.000000 0.000000 0 0.000000 0.000000 0 0.439199 0.295812 2 0.443229 0.373148 2
0 0.143750 0.355612 0.057708 0.139889 0.152604 0.390741 2 0.134896 0.405556 2 0.142054 0.305667 2 0.146283 0.385371 2
2 0.678125 0.166667 0.040000 0.040000 0.000000 0.000000 0 0.000000 0.000000 0 0.678125 0.166667 2 0.678125 0.166667 2
3 0.635937 0.188889 0.040000 0.040000 0.000000 0.000000 0 0.000000 0.000000 0 0.635937 0.188889 2 0.635937 0.188889 2
4 0.821354 0.405556 0.040000 0.040000 0.000000 0.000000 0 0.000000 0.000000 0 0.821354 0.405556 2 0.821354 0.405556 2
4 0.911979 0.275000 0.040000 0.040000 0.000000 0.000000 0 0.000000 0.000000 0 0.911979 0.275000 2 0.911979 0.275000 2
0 0.427344 0.370833 0.079062 0.137222 0.446875 0.419444 2 0.407813 0.419444 2 0.430208 0.322222 2 0.432292 0.408333 2
0 0.682032 0.442129 0.046771 0.159445 0.685417 0.486111 2 0.685417 0.501852 2 0.678646 0.382407 2 0.684098 0.482347 2
