0 0.568490 0.422646 0.082187 0.152117 0.547396 0.472222 2 0.589583 0.478704 2 0.565981 0.366587 2 0.561458 0.464815 2
0 0.487500 0.342316 0.078542 0.134998 0.468229 0.384259 2 0.506771 0.389815 2 0.483521 0.294817 2 0.479845 0.379273 2
0 0.532085 0.352408 0.055212 0.144444 0.524479 0.391667 2 0.536979 0.404630 2 0.539691 0.300186 2 0.530708 0.384078 2
0 0.795313 0.350011 0.075417 0.130718 0.777604 0.395370 2 0.813021 0.395370 2 0.795723 0.304652 2 0.790423 0.388021 2
0 0.353125 0.487189 0.090000 0.161917 0.328125 0.540741 2 0.378125 0.548148 2 0.344168 0.426231 2 0.344518 0.531435 2
0 0.336719 0.393056 0.043646 0.133519 0.000000 0.000000 0 0.000000 0.000000 0 0.338542 0.346296 2 0.334896 0.439815 2
2 0.363542 0.161111 0.040000 0.040000 0.000000 0.000000 0 0.000000 0.000000 0 0.363542 0.161111 2 0.363542 0.161111 2
3 0.406771 0.182407 0.040000 0.040000 0.000000 0.000000 0 0.000000 0.000000 0 0.406771 0.182407 2 0.406771 0.182407 2
4 0.128125 0.266667 0.040000 0.040000 0.000000 0.000000 0 0.000000 0.000000 0 0.128125 0.266667 2 0.128125 0.266667 2
4 0.218229 0.398148 0.040000 0.040000 0.000000 0.000000 0 0.000000 0.000000 0 0.218229 0.398148 2 0.218229 0.398148 2
