0 0.466666 0.346978 0.053541 0.142339 0.473437 0.383333 2 0.459896 0.398148 2 0.460658 0.295809 2 0.467146 0.375837 2
0 0.216146 0.346475 0.077500 0.139642 0.234896 0.393519 2 0.197396 0.396296 2 0.219160 0.296654 2 0.222311 0.382642 2
0 0.450260 0.423750 0.084271 0.149908 0.472396 0.473148 2 0.428125 0.478704 2 0.452698 0.368796 2 0.458766 0.466714 2
0 0.667253 0.384721 0.041952 0.131670 0.000000 0.000000 0 0.000000 0.000000 0 0.666277 0.338886 2 0.668229 0.430556 2
0 0.671094 0.481393 0.086354 0.169806 0.694271 0.533333 2 0.647917 0.546296 2 0.677898 0.416490 2 0.678872 0.523795 2
2 0.626042 0.160185 0.040000 0.040000 0.000000 0.000000 0 0.000000 0.000000 0 0.626042 0.160185 2 0.626042 0.160185 2
3 0.582292 0.181481 0.040000 0.040000 0.000000 0.000000 0 0.000000 0.000000 0 0.582292 0.181481 2 0.582292 0.181481 2
4 0.863021 0.263889 0.040000 0.040000 0.000000 0.000000 0 0.000000 0.000000 0 0.863021 0.263889 2 0.863021 0.263889 2
4 0.773438 0.394444 0.040000 0.040000 0.000000 0.000000 0 0.000000 0.000000 0 0.773438 0.394444 2 0.773438 0.394444 2
0 0.526041 0.340741 0.078541 0.138148 0.545312 0.385185 2 0.506771 0.389815 2 0.529687 0.291667 2 0.532883 0.376396 2
