0 0.709114 0.389109 0.087395 0.156226 0.732812 0.447222 2 0.685417 0.446296 2 0.717284 0.330996 2 0.717193 0.433970 2
0 0.488541 0.330646 0.080625 0.145373 0.508854 0.379630 2 0.468229 0.383333 2 0.496388 0.277960 2 0.497299 0.369888 2
0 0.267709 0.349791 0.079583 0.144123 0.287500 0.400926 2 0.247917 0.401852 2 0.268523 0.297729 2 0.273343 0.390721 2
0 0.665188 0.457464 0.051290 0.180627 0.670833 0.506481 2 0.667708 0.527778 2 0.659543 0.387151 2 0.668903 0.501496 2
0 0.596094 0.340425 0.080104 0.144337 0.616146 0.388889 2 0.576042 0.392593 2 0.600761 0.288256 2 0.602419 0.380893 2
0 0.532552 0.431481 0.088438 0.158519 0.556771 0.487037 2 0.508333 0.490741 2 0.533333 0.372222 2 0.539866 0.478324 2
2 0.579167 0.150926 0.040000 0.040000 0.000000 0.000000 0 0.000000 0.000000 0 0.579167 0.150926 2 0.579167 0.150926 2
3 0.534896 0.171296 0.040000 0.040000 0.000000 0.000000 0 0.000000 0.000000 0 0.534896 0.171296 2 0.534896 0.171296 2
4 0.823958 0.254630 0.040000 0.040000 0.000000 0.000000 0 0.000000 0.000000 0 0.823958 0.254630 2 0.823958 0.254630 2
4 0.731250 0.386111 0.040000 0.040000 0.000000 0.000000 0 0.000000 0.000000 0 0.731250 0.386111 2 0.731250 0.386111 2
