0 0.396094 0.420473 0.081146 0.149055 0.416667 0.474074 2 0.375521 0.475000 2 0.398272 0.365945 2 0.402504 0.465210 2
0 0.182031 0.350193 0.076979 0.135910 0.200521 0.393519 2 0.163542 0.398148 2 0.188851 0.302238 2 0.190367 0.384798 2
0 0.665211 0.416191 0.044995 0.150209 0.667708 0.456481 2 0.663542 0.471296 2 0.662713 0.361087 2 0.665696 0.450730 2
0 0.463021 0.365278 0.057708 0.137222 0.471875 0.400926 2 0.464063 0.413889 2 0.454167 0.316667 2 0.469271 0.396296 2
0 0.487240 0.339352 0.044687 0.122408 0.000000 0.000000 0 0.000000 0.000000 0 0.484896 0.298148 2 0.489583 0.380556 2
2 0.648438 0.165741 0.040000 0.040000 0.000000 0.000000 0 0.000000 0.000000 0 0.648438 0.165741 2 0.648438 0.165741 2
3 0.606250 0.187037 0.040000 0.040000 0.000000 0.000000 0 0.000000 0.000000 0 0.606250 0.187037 2 0.606250 0.187037 2
4 0.883854 0.270370 0.040000 0.040000 0.000000 0.000000 0 0.000000 0.000000 0 0.883854 0.270370 2 0.883854 0.270370 2
4 0.793750 0.404630 0.040000 0.040000 0.000000 0.000000 0 0.000000 0.000000 0 0.793750 0.404630 2 0.793750 0.404630 2
0 0.597656 0.483333 0.090521 0.160371 0.622917 0.543519 2 0.572396 0.543519 2 0.604167 0.423148 2 0.605958 0.531063 2
