0 0.072142 0.376058 0.048631 0.125265 0.000000 0.000000 0 0.000000 0.000000 0 0.067826 0.333426 2 0.076457 0.418691 2
0 0.208594 0.438427 0.081146 0.150184 0.229167 0.491667 2 0.188021 0.493519 2 0.212159 0.383335 2 0.215522 0.483595 2
0 0.258073 0.329047 0.069688 0.128203 0.272917 0.373148 2 0.243229 0.372222 2 0.255162 0.284945 2 0.260938 0.363889 2
0 0.061067 0.403068 0.056408 0.146826 0.069271 0.438889 2 0.060937 0.456481 2 0.052863 0.349655 2 0.066146 0.437963 2
0 0.654948 0.493518 0.090520 0.160371 0.680208 0.553704 2 0.629688 0.553704 2 0.662500 0.433333 2 0.665120 0.539229 2
0 0.342187 0.405556 0.069167 0.140000 0.356771 0.439815 2 0.344271 0.455556 2 0.327604 0.355556 2 0.351562 0.435185 2
2 0.761979 0.157407 0.040000 0.040000 0.000000 0.000000 0 0.000000 0.000000 0 0.761979 0.157407 2 0.761979 0.157407 2
3 0.717708 0.179630 0.040000 0.040000 0.000000 0.000000 0 0.000000 0.000000 0 0.717708 0.179630 2 0.717708 0.179630 2
4 0.889583 0.401852 0.040000 0.040000 0.000000 0.000000 0 0.000000 0.000000 0 0.889583 0.401852 2 0.889583 0.401852 2
4 0.985052 0.269444 0.029896 0.040000 0.000000 0.000000 0 0.000000 0.000000 0 0.990104 0.269444 2 0.990104 0.269444 2
