0 0.394270 0.333149 0.087917 0.155184 0.370312 0.389815 2 0.418229 0.390741 2 0.388579 0.275557 2 0.386445 0.379674 2
0 0.714062 0.333439 0.052501 0.162009 0.707812 0.375926 2 0.720313 0.394444 2 0.719990 0.272435 2 0.713294 0.368555 2
0 0.198698 0.379273 0.047812 0.177749 0.194792 0.427778 2 0.202604 0.448148 2 0.200207 0.310399 2 0.198437 0.419444 2
0 0.374479 0.455093 0.097292 0.146481 0.353125 0.485185 2 0.345833 0.508333 2 0.403125 0.401852 2 0.356250 0.488889 2
0 0.355990 0.401852 0.045729 0.164074 0.000000 0.000000 0 0.000000 0.000000 0 0.358854 0.339815 2 0.353125 0.463889 2
0 0.275781 0.333796 0.072812 0.124259 0.000000 0.000000 0 0.000000 0.000000 0 0.292187 0.291667 2 0.259375 0.375926 2
2 0.458854 0.127778 0.040000 0.040000 0.000000 0.000000 0 0.000000 0.000000 0 0.458854 0.127778 2 0.458854 0.127778 2
3 0.507292 0.149074 0.040000 0.040000 0.000000 0.000000 0 0.000000 0.000000 0 0.507292 0.149074 2 0.507292 0.149074 2
4 0.293229 0.388889 0.040000 0.040000 0.000000 0.000000 0 0.000000 0.000000 0 0.293229 0.388889 2 0.293229 0.388889 2
4 0.195833 0.236111 0.040000 0.040000 0.000000 0.000000 0 0.000000 0.000000 0 0.195833 0.236111 2 0.195833 0.236111 2
