0 0.611458 0.421095 0.081667 0.147809 0.590625 0.470370 2 0.632292 0.475000 2 0.608903 0.367191 2 0.604694 0.464954 2
0 0.514630 0.337452 0.041137 0.124356 0.000000 0.000000 0 0.000000 0.000000 0 0.515199 0.295274 2 0.514062 0.379630 2
0 0.822656 0.348735 0.076979 0.136973 0.804167 0.394444 2 0.841146 0.397222 2 0.818134 0.300249 2 0.814633 0.386230 2
0 0.411458 0.483216 0.088958 0.160606 0.386979 0.542593 2 0.435937 0.543519 2 0.404002 0.422913 2 0.402670 0.531436 2
0 0.334569 0.418155 0.044555 0.153690 0.332292 0.456481 2 0.335938 0.475000 2 0.336847 0.361310 2 0.333662 0.454406 2
0 0.547917 0.364815 0.067083 0.110370 0.000000 0.000000 0 0.000000 0.000000 0 0.561458 0.329630 2 0.534375 0.400000 2
2 0.348958 0.165741 0.040000 0.040000 0.000000 0.000000 0 0.000000 0.000000 0 0.348958 0.165741 2 0.348958 0.165741 2
3 0.392188 0.187963 0.040000 0.040000 0.000000 0.000000 0 0.000000 0.000000 0 0.392188 0.187963 2 0.392188 0.187963 2
4 0.113021 0.272222 0.040000 0.040000 0.000000 0.000000 0 0.000000 0.000000 0 0.113021 0.272222 2 0.113021 0.272222 2
4 0.203125 0.403704 0.040000 0.040000 0.000000 0.000000 0 0.000000 0.000000 0 0.203125 0.403704 2 0.203125 0.403704 2
