0 0.603906 0.420473 0.081146 0.149055 0.583333 0.474074 2 0.624479 0.475000 2 0.601728 0.365945 2 0.597496 0.465210 2
0 0.817969 0.350193 0.076979 0.135910 0.799479 0.393519 2 0.836458 0.398148 2 0.811149 0.302238 2 0.809633 0.384798 2
0 0.334789 0.416191 0.044995 0.150209 0.332292 0.456481 2 0.336458 0.471296 2 0.337287 0.361087 2 0.334304 0.450730 2
0 0.536979 0.365278 0.057708 0.137222 0.528125 0.400926 2 0.535937 0.413889 2 0.545833 0.316667 2 0.530729 0.396296 2
0 0.512760 0.339352 0.044687 0.122408 0.000000 0.000000 0 0.000000 0.000000 0 0.515104 0.298148 2 0.510417 0.380556 2
2 0.351562 0.165741 0.040000 0.040000 0.000000 0.000000 0 0.000000 0.000000 0 0.351562 0.165741 2 0.351562 0.165741 2
3 0.393750 0.187037 0.040000 0.040000 0.000000 0.000000 0 0.000000 0.000000 0 0.393750 0.187037 2 0.393750 0.187037 2
4 0.116146 0.270370 0.040000 0.040000 0.000000 0.000000 0 0.000000 0.000000 0 0.116146 0.270370 2 0.116146 0.270370 2
4 0.206250 0.404630 0.040000 0.040000 0.000000 0.000000 0 0.000000 0.000000 0 0.206250 0.404630 2 0.206250 0.404630 2
0 0.402344 0.483333 0.090521 0.160371 0.377083 0.543519 2 0.427604 0.543519 2 0.395833 0.423148 2 0.394042 0.531063 2
