0 0.308593 0.451198 0.083229 0.152418 0.330208 0.507407 2 0.286979 0.505556 2 0.311838 0.394989 2 0.316255 0.494966 2
0 0.086198 0.371679 0.058230 0.142939 0.095313 0.408333 2 0.077083 0.423148 2 0.079468 0.320209 2 0.089063 0.404630 2
0 0.683272 0.478170 0.044290 0.166995 0.685417 0.520370 2 0.681771 0.541667 2 0.681127 0.414672 2 0.684375 0.518519 2
0 0.346094 0.342592 0.075937 0.130741 0.364062 0.386111 2 0.328125 0.387963 2 0.348958 0.297222 2 0.351562 0.378704 2
0 0.343490 0.372685 0.049895 0.140926 0.348437 0.409259 2 0.339063 0.423148 2 0.338542 0.322222 2 0.345313 0.406481 2
0 0.149219 0.390278 0.075938 0.137222 0.167188 0.438889 2 0.131250 0.438889 2 0.147917 0.341667 2 0.154530 0.427999 2
2 0.714583 0.158333 0.040000 0.040000 0.000000 0.000000 0 0.000000 0.000000 0 0.714583 0.158333 2 0.714583 0.158333 2
3 0.670833 0.181481 0.040000 0.040000 0.000000 0.000000 0 0.000000 0.000000 0 0.670833 0.181481 2 0.670833 0.181481 2
4 0.839583 0.403704 0.040000 0.040000 0.000000 0.000000 0 0.000000 0.000000 0 0.839583 0.403704 2 0.839583 0.403704 2
4 0.940104 0.270370 0.040000 0.040000 0.000000 0.000000 0 0.000000 0.000000 0 0.940104 0.270370 2 0.940104 0.270370 2
