0 0.475604 0.338472 0.041207 0.122317 0.000000 0.000000 0 0.000000 0.000000 0 0.476207 0.297313 2 0.475000 0.379630 2
0 0.167709 0.361574 0.073333 0.107592 0.184375 0.395370 2 0.151042 0.394444 2 0.161458 0.327778 2 0.172396 0.392593 2
0 0.373698 0.421296 0.081146 0.147407 0.394271 0.471296 2 0.353125 0.475000 2 0.376042 0.367593 2 0.380208 0.462963 2
0 0.455208 0.380556 0.076458 0.119629 0.473437 0.405556 2 0.459896 0.420370 2 0.436979 0.340741 2 0.467187 0.407407 2
0 0.667709 0.424074 0.048333 0.154814 0.671875 0.464815 2 0.665625 0.481481 2 0.663542 0.366667 2 0.669271 0.461111 2
2 0.656250 0.166667 0.040000 0.040000 0.000000 0.000000 0 0.000000 0.000000 0 0.656250 0.166667 2 0.656250 0.166667 2
3 0.612500 0.188889 0.040000 0.040000 0.000000 0.000000 0 0.000000 0.000000 0 0.612500 0.188889 2 0.612500 0.188889 2
4 0.800521 0.404630 0.040000 0.040000 0.000000 0.000000 0 0.000000 0.000000 0 0.800521 0.404630 2 0.800521 0.404630 2
4 0.890625 0.274074 0.040000 0.040000 0.000000 0.000000 0 0.000000 0.000000 0 0.890625 0.274074 2 0.890625 0.274074 2
0 0.570052 0.483796 0.087396 0.159445 0.593750 0.543519 2 0.546354 0.543519 2 0.576042 0.424074 2 0.577365 0.530220 2
